version = 'MMult0';
MY_MMult = [
40 2.133333e+00 0.000000e+00 
80 2.094070e+00 0.000000e+00 
120 1.996534e+00 0.000000e+00 
160 1.942613e+00 0.000000e+00 
200 1.799573e+00 0.000000e+00 
240 1.707932e+00 0.000000e+00 
280 1.716878e+00 0.000000e+00 
320 1.773544e+00 0.000000e+00 
360 1.753095e+00 0.000000e+00 
400 1.877879e+00 0.000000e+00 
440 1.841816e+00 0.000000e+00 
480 1.865162e+00 0.000000e+00 
520 1.885571e+00 0.000000e+00 
560 1.843283e+00 0.000000e+00 
600 1.918806e+00 0.000000e+00 
640 1.850169e+00 0.000000e+00 
680 1.731797e+00 0.000000e+00 
720 1.765789e+00 0.000000e+00 
760 1.808730e+00 0.000000e+00 
800 1.654313e+00 0.000000e+00 
];
