version = 'MMult1';
MY_MMult = [
40 1.580247e+00 0.000000e+00 
80 2.133333e+00 0.000000e+00 
120 2.071942e+00 0.000000e+00 
160 1.927529e+00 0.000000e+00 
200 1.903402e+00 0.000000e+00 
240 1.986492e+00 0.000000e+00 
280 1.982122e+00 0.000000e+00 
320 1.994765e+00 0.000000e+00 
360 1.977368e+00 0.000000e+00 
400 1.947835e+00 0.000000e+00 
440 1.944885e+00 0.000000e+00 
480 1.898445e+00 0.000000e+00 
520 1.839733e+00 0.000000e+00 
560 1.926628e+00 0.000000e+00 
600 1.890640e+00 0.000000e+00 
640 1.938498e+00 0.000000e+00 
680 1.930244e+00 0.000000e+00 
720 1.873547e+00 0.000000e+00 
760 1.782173e+00 0.000000e+00 
800 1.742107e+00 0.000000e+00 
];
